LEVEL 9: GROUP B
================
Price of American Perpetual Call: 18.5035
-----------------------------------
Price of American Perpetual Put: 3.03106

-----------------------------------------------
Options price mesh for perpetual american calls
===============================================
1.98995,2.10871,2.23226,2.36072,2.49418,2.63274,2.77653,2.92563,3.08017,3.24024,3.40595,3.57741,3.75473,3.93801,4.12737,4.32291,4.52474,4.73297,4.94772,5.16909,5.39718,5.63213,5.87402,6.12299,6.37913,6.64256,6.91339,7.19174,7.47772,7.77143,8.07301,8.38255,8.70018,9.026,9.36014,9.7027,10.0538,10.4136,10.7821,11.1595,11.546,11.9416,12.3464,12.7605,13.1842,13.6174,14.0603,14.5131,14.9758,15.4486,15.9316,16.4249,16.9286,17.4429,17.9678,18.5035,19.0501,19.6078,20.1765,20.7566,21.3481,21.951,22.5656,23.192,23.8302,24.4804,25.1428,25.8174,26.5044,27.2039,27.916,28.6408,29.3785,30.1292,30.893,31.67,32.4605,33.2644,34.0819,34.9131,35.7583,36.6174,37.4906,38.3781,39.28,40.1963,41.1273,42.0731,43.0337,44.0093,45.0001,46.0061,47.0275,48.0645,49.1171,50.1855,51.2697,52.3701,53.4866,54.6193,55.7685,56.9343,58.1168,59.316,60.5322,61.7655,63.016,64.2838,65.5691,66.872,68.1927,
-----------------------------------------------
Options price mesh for perpetual american puts
===============================================
225.473,201.579,180.574,162.068,145.728,131.27,118.45,107.061,96.9238,87.884,79.8084,72.5815,66.1034,60.2869,55.0562,50.345,46.0954,42.2566,38.784,35.6384,32.785,30.1935,27.8368,25.6909,23.7347,21.9493,20.318,18.8257,17.4592,16.2064,15.0569,14.0009,13.0299,12.1362,11.3129,10.5537,9.85308,9.20584,8.60743,8.05372,7.54093,7.06565,6.6248,6.21556,5.83537,5.48192,5.15308,4.84691,4.56167,4.29572,4.04761,3.81598,3.5996,3.39733,3.20813,3.03106,2.86523,2.70985,2.56416,2.42748,2.29919,2.1787,2.06548,1.95904,1.85891,1.76467,1.67593,1.59233,1.51354,1.43923,1.36913,1.30296,1.24047,1.18143,1.12563,1.07287,1.02296,0.975721,0.930996,0.888635,0.848494,0.810443,0.774358,0.740126,0.707638,0.676793,0.647498,0.619666,0.593212,0.56806,0.544138,0.521378,0.499715,0.47909,0.459447,0.440732,0.422897,0.405894,0.38968,0.374212,0.359453,0.345365,0.331915,0.319068,0.306795,0.295067,0.283856,0.273136,0.262884,0.253076,0.24369,
-----------------------------------------------
