LEVEL 9: GROUP A - PART I
=========================
Price Using the Global BSE function
===================================
Batch 1
CALL: 2.13337; PUT: 5.84628
-----------------------------------------
Batch 2
CALL: 7.96557; PUT: 7.96557
-----------------------------------------
Batch 3
CALL: 0.204058; PUT: 4.07326
-----------------------------------------
Batch 4
CALL: 92.1757; PUT: 1.2475
-----------------------------------------
===========================================================================
Price Using the Price member function
=====================================
Batch 1
CALL: 2.13337; PUT: 5.84628
-----------------------------------------
Batch 2
CALL: 7.96557; PUT: 7.96557
-----------------------------------------
Batch 3
CALL: 0.204058; PUT: 4.07326
-----------------------------------------
Batch 4
CALL: 92.1757; PUT: 1.2475
-----------------------------------------
===========================================================================
Price Using the Put Call Parity Relation
========================================
Batch 1
CALL: 2.13337; PUT: 5.84628
-----------------------------------------
Batch 2
CALL: 7.96557; PUT: 7.96557
-----------------------------------------
Batch 3
CALL: 0.204058; PUT: 4.07326
-----------------------------------------
Batch 4
CALL: 92.1757; PUT: 1.2475
-----------------------------------------
Printing the Price Mesh for each batch
======================================

Options prices for a stock price mesh: Call Prices
==================================================
Batch 1
-----------------------------------------------
3.11926e-007,6.35861e-007,1.25827e-006,2.4206e-006,4.53328e-006,8.27565e-006,1.47441e-005,2.5666e-005,4.37003e-005,7.28515e-005,0.000119024,0.000190747,0.000300112,0.000463933,0.000705187,0.00105474,0.00155335,0.00225403,0.00322467,0.0045509,0.00633924,0.00872036,0.0118524,0.0159245,0.0211595,0.0278174,0.0361978,0.0466417,0.0595331,0.0752996,0.0944125,0.117385,0.144772,0.177164,0.215187,0.259494,0.310762,0.369686,0.436969,0.513317,0.599432,0.696001,0.803693,0.923147,1.05497,1.19971,1.3579,1.52999,1.71638,1.91741,2.13337,2.36445,2.61081,2.87252,3.14958,3.44196,3.74953,4.07212,4.4095,4.76139,5.12747,5.50738,5.9007,6.30702,6.72585,7.15673,7.59916,8.05262,8.51659,8.99055,9.47398,9.96636,10.4672,10.9759,11.4921,12.0153,12.5449,13.0806,13.6219,14.1685,14.7198,15.2756,15.8356,16.3993,16.9664,17.5368,18.11,18.6859,19.2643,19.8448,20.4273,21.0116,21.5976,22.1851,22.7739,23.3639,23.955,24.5471,25.14,25.7338,26.3282,
-----------------------------------------------
Batch 2
-----------------------------------------------
0.000943109,0.00140179,0.00205003,0.0029522,0.00418956,0.00586328,0.00809753,0.0110428,0.0148791,0.0198192,0.0261118,0.0340443,0.0439453,0.0561866,0.0711846,0.0894016,0.111346,0.13757,0.168672,0.205293,0.24811,0.297839,0.355227,0.421048,0.496097,0.581186,0.677135,0.784768,0.904907,1.03836,1.18593,1.34838,1.52646,1.72087,1.93228,2.16132,2.40856,2.67452,2.95967,3.26442,3.58911,3.93403,4.2994,4.68538,5.09208,5.51954,5.96773,6.43659,6.92597,7.43571,7.96557,8.51527,9.08449,9.67289,10.2801,10.9056,11.549,12.2099,12.8877,13.5819,14.292,15.0175,15.7578,16.5123,17.2805,18.0619,18.856,19.662,20.4796,21.3082,22.1473,22.9963,23.8548,24.7223,25.5983,26.4824,27.3741,28.273,29.1787,30.0908,31.0089,31.9326,32.8617,33.7958,34.7346,35.6778,36.625,37.5761,38.5308,39.4889,40.45,41.4141,42.3809,43.3502,44.3219,45.2957,46.2716,47.2493,48.2288,49.2099,50.1925,
-----------------------------------------------
Batch 3
-----------------------------------------------
0.00415373,0.00474528,0.00540006,0.00612245,0.00691694,0.00778809,0.00874057,0.00977914,0.0109086,0.0121338,0.0134598,0.0148914,0.0164337,0.0180917,0.0198706,0.0217752,0.0238108,0.0259824,0.028295,0.0307536,0.0333633,0.036129,0.0390557,0.0421482,0.0454113,0.0488499,0.0524686,0.056272,0.0602647,0.0644511,0.0688358,0.0734229,0.0782168,0.0832215,0.088441,0.0938793,0.0995403,0.105428,0.111545,0.117896,0.124483,0.131311,0.138382,0.1457,0.153267,0.161086,0.16916,0.177492,0.186084,0.194939,0.204058,0.213444,0.223099,0.233026,0.243225,0.253698,0.264448,0.275475,0.286782,0.298369,0.310237,0.322389,0.334824,0.347544,0.360549,0.37384,0.387418,0.401284,0.415437,0.429878,0.444608,0.459627,0.474934,0.49053,0.506415,0.522588,0.53905,0.5558,0.572838,0.590163,0.607775,0.625674,0.643858,0.662327,0.681081,0.700119,0.719439,0.739042,0.758925,0.779088,0.799531,0.820251,0.841248,0.862521,0.884069,0.905889,0.927981,0.950344,0.972977,0.995877,1.01904,
-----------------------------------------------
Batch 4
-----------------------------------------------
43.1133,44.0823,45.0522,46.0228,46.9942,47.9663,48.9391,49.9126,50.8867,51.8615,52.8368,53.8128,54.7893,55.7663,56.7439,57.7219,58.7005,59.6795,60.659,61.6389,62.6192,63.6,64.5811,65.5627,66.5446,67.5268,68.5094,69.4924,70.4757,71.4593,72.4432,73.4275,74.412,75.3968,76.3819,77.3672,78.3529,79.3387,80.3249,81.3112,82.2979,83.2847,84.2718,85.259,86.2465,87.2342,88.2221,89.2103,90.1985,91.187,92.1757,93.1646,94.1536,95.1428,96.1321,97.1217,98.1114,99.1012,100.091,101.081,102.072,103.062,104.053,105.043,106.034,107.025,108.016,109.007,109.999,110.99,111.982,112.974,113.965,114.957,115.949,116.942,117.934,118.926,119.919,120.911,121.904,122.897,123.889,124.882,125.875,126.868,127.862,128.855,129.848,130.842,131.835,132.829,133.822,134.816,135.81,136.804,137.798,138.792,139.786,140.78,141.774,
-----------------------------------------------

Options prices for a stock price mesh: Put Prices
==================================================
Batch 1
-----------------------------------------------
33.7129,33.1129,32.5129,31.9129,31.3129,30.7129,30.1129,29.5129,28.913,28.313,27.713,27.1131,26.5132,25.9134,25.3136,24.714,24.1145,23.5152,22.9161,22.3175,21.7193,21.1216,20.5248,19.9288,19.3341,18.7407,18.1491,17.5596,16.9724,16.3882,15.8073,15.2303,14.6577,14.0901,13.5281,12.9724,12.4237,11.8826,11.3499,10.8262,10.3123,9.80892,9.31661,8.83606,8.36788,7.91263,7.47081,7.0429,6.62929,6.23033,5.84628,5.47737,5.12372,4.78543,4.4625,4.15487,3.86244,3.58503,3.32241,3.0743,2.84039,2.62029,2.41362,2.21993,2.03877,1.86965,1.71207,1.56553,1.4295,1.30347,1.1869,1.07928,0.980092,0.888838,0.805023,0.728169,0.657813,0.593509,0.534829,0.481365,0.432726,0.388544,0.348469,0.312171,0.27934,0.249688,0.222941,0.198848,0.177174,0.1577,0.140225,0.124563,0.110543,0.0980081,0.086813,0.0768262,0.0679271,0.0600058,0.0529623,0.0467059,0.0411543,
-----------------------------------------------
Batch 2
-----------------------------------------------
50.0009,49.0014,48.0021,47.003,46.0042,45.0059,44.0081,43.011,42.0149,41.0198,40.0261,39.034,38.0439,37.0562,36.0712,35.0894,34.1113,33.1376,32.1687,31.2053,30.2481,29.2978,28.3552,27.421,26.4961,25.5812,24.6771,23.7848,22.9049,22.0384,21.1859,20.3484,19.5265,18.7209,17.9323,17.1613,16.4086,15.6745,14.9597,14.2644,13.5891,12.934,12.2994,11.6854,11.0921,10.5195,9.96773,9.43659,8.92597,8.43571,7.96557,7.51527,7.08449,6.67289,6.28006,5.90559,5.54903,5.20989,4.88768,4.5819,4.29201,4.01748,3.75775,3.51229,3.28054,3.06195,2.85596,2.66203,2.47963,2.30823,2.1473,1.99634,1.85484,1.72233,1.59834,1.48241,1.37411,1.273,1.17868,1.09076,1.00887,0.932644,0.861739,0.795829,0.734602,0.677762,0.625028,0.576134,0.530826,0.488868,0.450032,0.414109,0.380896,0.350206,0.321863,0.2957,0.271561,0.249301,0.228784,0.209882,0.192475,
-----------------------------------------------
Batch 3
-----------------------------------------------
6.37336,6.32395,6.2746,6.22533,6.17612,6.12699,6.07794,6.02898,5.98011,5.93134,5.88266,5.8341,5.78564,5.7373,5.68907,5.64098,5.59302,5.54519,5.4975,5.44996,5.40257,5.35533,5.30826,5.26135,5.21462,5.16805,5.12167,5.07548,5.02947,4.98366,4.93804,4.89263,4.84742,4.80243,4.75765,4.71308,4.66874,4.62463,4.58075,4.5371,4.49369,4.45052,4.40759,4.3649,4.32247,4.28029,4.23836,4.1967,4.15529,4.11414,4.07326,4.03265,3.9923,3.95223,3.91243,3.8729,3.83365,3.79468,3.75599,3.71757,3.67944,3.64159,3.60403,3.56675,3.52975,3.49304,3.45662,3.42049,3.38464,3.34908,3.31381,3.27883,3.24414,3.20973,3.17562,3.14179,3.10825,3.075,3.04204,3.00937,2.97698,2.94488,2.91306,2.88153,2.85029,2.81932,2.78864,2.75825,2.72813,2.69829,2.66874,2.63946,2.61045,2.58173,2.55327,2.52509,2.49719,2.46955,2.44218,2.41508,2.38825,
-----------------------------------------------
Batch 4
-----------------------------------------------
2.18512,2.15413,2.12396,2.09458,2.06596,2.03807,2.01089,1.98437,1.95851,1.93327,1.90863,1.88457,1.86107,1.83811,1.81567,1.79374,1.77229,1.7513,1.73078,1.71069,1.69102,1.67177,1.65292,1.63445,1.61635,1.59862,1.58124,1.5642,1.54749,1.53111,1.51503,1.49926,1.48378,1.46859,1.45368,1.43904,1.42466,1.41054,1.39667,1.38304,1.36965,1.35649,1.34355,1.33083,1.31833,1.30603,1.29394,1.28205,1.27034,1.25883,1.2475,1.23635,1.22537,1.21457,1.20393,1.19346,1.18315,1.17299,1.16299,1.15313,1.14342,1.13386,1.12443,1.11514,1.10598,1.09696,1.08806,1.07929,1.07064,1.06211,1.0537,1.04541,1.03722,1.02915,1.02119,1.01333,1.00558,0.997933,0.990384,0.982933,0.975579,0.96832,0.961154,0.954079,0.947094,0.940196,0.933385,0.926658,0.920015,0.913453,0.906971,0.900568,0.894242,0.887992,0.881817,0.875715,0.869685,0.863726,0.857837,0.852016,0.846262,
-----------------------------------------------
LEVEL 9: GROUP A - PART II
==========================
Future Option Parameters
------------------------
Stock Price: 105
Strike Price: 100
Volatility: 0.36
Expiry: 0.5
Interest Rate: 0.1
----------------------------------------------
Delta of the Future Option - CALL: 0.594629
Delta of the Future Option - PUT: -0.356601
----------------------------------------------
Gamma of the Future Option - CALL: 0.0134936
Gamma of the Future Option - PUT: 0.0134936
----------------------------------------------
Options deltas mesh for future option: Call Options
===================================================
0.00771306,0.00951599,0.0116307,0.0140892,0.0169237,0.0201657,0.0238457,0.0279928,0.0326344,0.0377953,0.0434978,0.0497611,0.0566013,0.0640307,0.0720579,0.0806879,0.0899215,0.0997557,0.110183,0.121194,0.132773,0.144902,0.157561,0.170725,0.184367,0.198457,0.212964,0.227855,0.243094,0.258645,0.274471,0.290534,0.306797,0.323222,0.33977,0.356404,0.373089,0.389788,0.406468,0.423095,0.439637,0.456064,0.472348,0.488462,0.504381,0.520082,0.535543,0.550745,0.56567,0.580303,0.594629,0.608636,0.622313,0.635651,0.648643,0.661284,0.673567,0.685491,0.697053,0.708252,0.719089,0.729566,0.739684,0.749448,0.75886,0.767925,0.77665,0.78504,0.793101,0.80084,0.808265,0.815383,0.822202,0.828729,0.834974,0.840945,0.84665,0.852097,0.857295,0.862253,0.866978,0.871481,0.875767,0.879847,0.883728,0.887417,0.890923,0.894254,0.897415,0.900416,0.903262,0.905961,0.908519,0.910943,0.913239,0.915412,0.917469,0.919415,0.921255,0.922995,
-----------------------------------------------
Options deltas mesh for future option: Put Options
===================================================
-0.943516,-0.941713,-0.939599,-0.93714,-0.934306,-0.931064,-0.927384,-0.923237,-0.918595,-0.913434,-0.907732,-0.901468,-0.894628,-0.887199,-0.879171,-0.870541,-0.861308,-0.851474,-0.841046,-0.830035,-0.818456,-0.806327,-0.793668,-0.780504,-0.766863,-0.752772,-0.738265,-0.723375,-0.708136,-0.692585,-0.676759,-0.660695,-0.644432,-0.628008,-0.61146,-0.594825,-0.57814,-0.561441,-0.544761,-0.528135,-0.511593,-0.495166,-0.478882,-0.462768,-0.446849,-0.431148,-0.415687,-0.400485,-0.385559,-0.370927,-0.356601,-0.342594,-0.328917,-0.315578,-0.302586,-0.289946,-0.277662,-0.265739,-0.254177,-0.242977,-0.23214,-0.221663,-0.211545,-0.201782,-0.19237,-0.183304,-0.174579,-0.166189,-0.158128,-0.150389,-0.142964,-0.135847,-0.129028,-0.1225,-0.116255,-0.110284,-0.10458,-0.0991327,-0.0939345,-0.0889768,-0.084251,-0.0797489,-0.075462,-0.0713823,-0.0675016,-0.0638122,-0.0603061,-0.0569758,-0.053814,-0.0508135,-0.0479671,-0.0452682,-0.04271,-0.0402863,-0.0379908,-0.0358175,-0.0337607,-0.0318148,-0.0299745,-0.0282345,
-----------------------------------------------
Numerically Calculated Greeks: Call Deltas
-----------------------------------------------
Actual Call Delta = 0.594629
-----------------------------------------------
h = 10; Delta = 0.589918
h = 5; Delta = 0.59343
h = 2.5; Delta = 0.594328
h = 1.25; Delta = 0.594553
h = 0.625; Delta = 0.59461
h = 0.3125; Delta = 0.594624
h = 0.15625; Delta = 0.594627
h = 0.078125; Delta = 0.594628
h = 0.0390625; Delta = 0.594629
h = 0.0195313; Delta = 0.594629

-----------------------------------------------
Numerically Calculated Greeks: Put Deltas
-----------------------------------------------
Actual Put Delta = -0.356601
-----------------------------------------------
h = 10; Delta = -0.361311
h = 5; Delta = -0.3578
h = 2.5; Delta = -0.356902
h = 1.25; Delta = -0.356676
h = 0.625; Delta = -0.35662
h = 0.3125; Delta = -0.356605
h = 0.15625; Delta = -0.356602
h = 0.078125; Delta = -0.356601
h = 0.0390625; Delta = -0.356601
h = 0.0195313; Delta = -0.356601

-----------------------------------------------
Numerically Calculated Greeks: Call Gammas
-----------------------------------------------
Actual Call Gamma = 0.0134936
-----------------------------------------------
h = 10; Gamma = 0.0134098
h = 5; Gamma = 0.0134729
h = 2.5; Gamma = 0.0134885
h = 1.25; Gamma = 0.0134923
h = 0.625; Gamma = 0.0134933
h = 0.3125; Gamma = 0.0134936
h = 0.15625; Gamma = 0.0134936
h = 0.078125; Gamma = 0.0134936
h = 0.0390625; Gamma = 0.0134936
h = 0.0195313; Gamma = 0.0134936

-----------------------------------------------
Numerically Calculated Greeks: Put Gammas
-----------------------------------------------
Actual Put Gamma = 0.0134936
-----------------------------------------------
h = 10; Gamma = 0.0134098
h = 5; Gamma = 0.0134729
h = 2.5; Gamma = 0.0134885
h = 1.25; Gamma = 0.0134923
h = 0.625; Gamma = 0.0134933
h = 0.3125; Gamma = 0.0134936
h = 0.15625; Gamma = 0.0134936
h = 0.078125; Gamma = 0.0134936
h = 0.0390625; Gamma = 0.0134936
h = 0.0195313; Gamma = 0.0134936

-----------------------------------------------
Options deltas mesh using numerical method: Call Options
========================================================
0.00771306,0.00951599,0.0116307,0.0140892,0.0169237,0.0201657,0.0238457,0.0279928,0.0326344,0.0377953,0.0434978,0.0497611,0.0566013,0.0640307,0.0720579,0.0806879,0.0899215,0.0997557,0.110183,0.121194,0.132773,0.144902,0.157561,0.170725,0.184367,0.198457,0.212964,0.227855,0.243094,0.258645,0.274471,0.290534,0.306797,0.323222,0.33977,0.356404,0.373089,0.389788,0.406468,0.423095,0.439637,0.456064,0.472348,0.488462,0.504381,0.520082,0.535543,0.550745,0.56567,0.580303,0.594629,0.608636,0.622313,0.635651,0.648643,0.661284,0.673567,0.685491,0.697053,0.708252,0.719089,0.729566,0.739684,0.749448,0.75886,0.767925,0.77665,0.78504,0.793101,0.80084,0.808265,0.815383,0.822202,0.828729,0.834974,0.840945,0.84665,0.852097,0.857295,0.862253,0.866978,0.871481,0.875767,0.879847,0.883728,0.887417,0.890923,0.894254,0.897415,0.900416,0.903262,0.905961,0.908519,0.910943,0.913239,0.915412,0.917469,0.919415,0.921255,0.922995,
-----------------------------------------------
Options deltas mesh using numerical method: Put Options
=======================================================
-0.943516,-0.941713,-0.939599,-0.93714,-0.934306,-0.931064,-0.927384,-0.923237,-0.918595,-0.913434,-0.907732,-0.901468,-0.894628,-0.887199,-0.879171,-0.870541,-0.861308,-0.851474,-0.841046,-0.830035,-0.818456,-0.806327,-0.793668,-0.780504,-0.766863,-0.752772,-0.738265,-0.723375,-0.708136,-0.692585,-0.676759,-0.660695,-0.644432,-0.628008,-0.61146,-0.594825,-0.57814,-0.561441,-0.544761,-0.528135,-0.511593,-0.495166,-0.478882,-0.462768,-0.446849,-0.431148,-0.415687,-0.400485,-0.385559,-0.370927,-0.356601,-0.342594,-0.328917,-0.315578,-0.302586,-0.289946,-0.277662,-0.265739,-0.254177,-0.242977,-0.23214,-0.221663,-0.211545,-0.201782,-0.19237,-0.183304,-0.174579,-0.166189,-0.158128,-0.150389,-0.142964,-0.135847,-0.129028,-0.1225,-0.116255,-0.110284,-0.10458,-0.0991327,-0.0939345,-0.0889768,-0.084251,-0.0797489,-0.075462,-0.0713823,-0.0675016,-0.0638122,-0.0603061,-0.0569758,-0.053814,-0.0508135,-0.0479671,-0.0452682,-0.04271,-0.0402863,-0.0379908,-0.0358175,-0.0337607,-0.0318148,-0.0299745,-0.0282345,
-----------------------------------------------
